3.005447364945760028e-32 4.855894219071446034e-27 1.341557788724012450e-26 1.019406874513543409e-58 7.457142765155180264e-01 1.328007790301648305e-44 4.037928902517016364e-39 1.052191883668130471e-72 1.188780626054288109e-01 1.481170039443071001e-45 5.025631702807736361e-30 2.990711160332246342e-20 1.110211362952205212e-33 2.275132418127272585e-02 7.514363426940314794e-52 2.784595672243150421e-04 9.202045765828754776e-38 9.520517317113752662e-14 1.711935387307161542e-64 1.088523517134994950e-61 3.440620982128597419e-40 8.539069286607414710e-02 2.698718426438684662e-02 3.188962810226057693e-83 1.130972113055858069e-41 1.754231632414012594e-82 2.395837498484601929e-73 2.063380505042188242e-33 2.585194367165691531e-46 2.356444731534087696e-63
9.600528242611218160e-53 8.180863075851552885e-41 7.393528904284773759e-51 7.335548192152599511e-38 1.661680628312155408e-47 6.737319920489145408e-01 7.679500816155296350e-52 1.491632869543823015e-01 2.915241625825896470e-38 5.257336377539167514e-19 8.821253896882267492e-03 1.796891655580775436e-27 1.744114522491554128e-29 8.985490317882319417e-44 1.261157296072239368e-38 1.480896789243371270e-27 1.238812021055669826e-30 6.530871438530700390e-24 1.088984929025716178e-46 1.287888761276731117e-02 7.318698015338821750e-02 3.355646072598758703e-41 3.070720418684853555e-22 3.782079270310648146e-39 1.306857102638761622e-28 5.330254038841892444e-02 3.271331184859782857e-18 8.365462082782588136e-37 2.891505894524634690e-02 2.610782770797118727e-55
6.809975106595347262e-139 3.673749069712253242e-30 4.661719431895985566e-53 9.082887764506104464e-26 1.095008287444579094e-49 8.049626956320475585e-28 1.355781619769812990e-27 4.278608320662918666e-53 1.075772940257837175e-11 5.454254859326918004e-02 6.024729474197096425e-35 5.756928790676726915e-02 3.401185638781424603e-02 6.901240561451056632e-02 6.963368499234460668e-58 7.817084246763863238e-39 1.195187126810696251e-17 1.671583198723748622e-06 9.353552160304256864e-22 4.766520214953365751e-29 6.020548473524719479e-17 5.287591507965226922e-01 1.701429838621324285e-63 1.086286870771897671e-106 4.245534592047314310e-30 9.978098250371157953e-47 1.655471475313094623e-11 2.561030790906049237e-01 4.812491596677847509e-27 1.573644170637355763e-110
3.249211019929575423e-75 1.266665806621199789e-26 3.639095004007565637e-02 1.585753865645961544e-31 1.506855229406105951e-49 3.756589458164487123e-31 4.260393809899345835e-44 2.384395812284409769e-31 1.275168361872066771e-43 2.694171983774105341e-13 5.474016311791758471e-39 9.054926840577401381e-02 1.076320518727596348e-01 3.976803848733032408e-29 8.962295230261340668e-50 4.442433675465701713e-27 7.041221547816330084e-02 1.715561941034158103e-21 4.673888699308239580e-01 2.871996716860774254e-30 7.712857952915643984e-12 1.142642804998307344e-29 1.694711700942125554e-56 5.215673945762845207e-28 5.114106071137813512e-05 4.912639221792811644e-54 2.096207225088960360e-20 6.571071841416471770e-02 1.618647847895449687e-01 2.915442485408553347e-50
3.285662290641128894e-133 2.424514208762168112e-36 2.344119053495180786e-62 3.486958278920223048e-37 2.384312513562100186e-45 3.618480494635922806e-02 1.090304122713231740e-64 1.003745776344331857e-46 6.222983991264705583e-01 9.252649789912947059e-37 1.537568194955703383e-42 1.620710700587982587e-16 7.273899376477584356e-31 9.859932848771889384e-54 3.545309737276278745e-69 2.528017581052166894e-46 2.538420405232722725e-29 5.423690391727116821e-29 1.491484061989703094e-117 3.509624538188761092e-72 1.419815569380987463e-01 2.485675124408983551e-11 1.360324798632693663e-28 7.375904509382636718e-34 1.679645936333851340e-27 6.935972513836884125e-42 7.790228093929073947e-57 1.995352389642144064e-01 2.466214456560375041e-29 8.321972671110452112e-107
2.998092823121760234e-46 1.883398708843483198e-32 2.939383885240938181e-52 1.136676060827556090e-27 1.350872669754098296e-46 3.588028466245098577e-30 1.397221368160950104e-60 8.286265538825200037e-44 3.843044863798775563e-49 2.616937523808092192e-01 3.845335194947883118e-24 4.677344394189014797e-18 1.522425725603797205e-23 1.232039877002978064e-46 2.552405585255504740e-66 1.164998157176377664e-96 2.936494374719611376e-33 1.071137713105469920e-45 1.866283976374040394e-21 1.435640197144481103e-97 1.237450022055876103e-61 5.698645022288562773e-66 1.470595893492267247e-21 5.898838625467994756e-01 3.768165892843077652e-03 9.863802618890854523e-02 3.527461549760756252e-54 3.579094046851380937e-119 4.601619299063963026e-02 4.880215024566956188e-74
1.501804887229491804e-50 3.447326131571930499e-22 1.050232003003220144e-01 6.316646156473918624e-27 5.110247283920617962e-18 4.696310373481630359e-41 4.050899489848154781e-53 4.664229808998485664e-50 1.188263198239082468e-38 8.141446581086598215e-10 6.556848407317908798e-47 2.073433256398455395e-32 7.686719191357236845e-30 1.015901800064093141e-12 6.389040527368477735e-62 7.731075678046511745e-01 1.799364508955529738e-41 5.771771184610203446e-20 7.212179876028393446e-28 7.113346196677199813e-40 1.666769171436344841e-47 5.699775839657915051e-28 1.218692310797717115e-01 1.662033698145264951e-60 6.081440573842002450e-20 2.132354288553020103e-51 3.945567966560351021e-53 4.238599856845181298e-37 9.444571314402448073e-14 9.748352197857538784e-74
3.997973854487799034e-20 2.818775459450891591e-43 1.269812444120912666e-35 1.786274656179615951e-34 1.224285696683793938e-41 4.933648146590208365e-36 6.464842176121363138e-02 4.707394719865812523e-51 7.084522341706143977e-02 2.915588901607510150e-10 6.061853271673007804e-01 2.147727460857738399e-02 5.520740263403416358e-07 1.569339930113479782e-43 3.480200209254299662e-49 6.037591222767846477e-78 1.216892889488239547e-23 9.882539033622515621e-35 1.023571507325894101e-38 2.824463809828316668e-27 5.040812509497182181e-24 3.963518592808475570e-09 8.133545713345298147e-35 1.758660258046780833e-01 1.064460025166882873e-02 5.677912769471437450e-14 2.293804517689763603e-37 1.554746763741737293e-02 3.481213430350668001e-13 3.478510302257382947e-02
3.143438111412135851e-87 5.799713733834348276e-57 1.080991793525712114e-37 6.993129308427901966e-36 2.874335578870538548e-25 7.894464465411239787e-25 1.587141701140044524e-71 1.093905536688867947e-01 1.027178930812969575e-31 3.109198167077634398e-38 3.769561898096532215e-20 2.093400675394563037e-01 3.621432540176288684e-01 2.282708790106654530e-32 2.257982902649587667e-66 1.205934982354029657e-56 2.497921120706013687e-01 6.509280717804974130e-19 1.241146095152350246e-23 1.540885138405817402e-80 4.308388547647299488e-38 2.049414050991448925e-49 2.857198676232791468e-25 2.268145665702538252e-11 1.124206468939235288e-20 1.327539351195464853e-15 1.397253232987043706e-67 6.358578745370515988e-50 6.933401268074393387e-02 1.889615064953265822e-70
3.697629819183935621e-51 1.632947118207847937e-77 1.649259973431894767e-54 1.634719059331221895e-45 5.696535142095337750e-56 4.688084483765620928e-23 7.033890140357314889e-54 4.902943963694365625e-52 4.197723089297701778e-36 6.781140410356305270e-02 6.172579145148483153e-65 2.514890170670029942e-26 5.503468609533532862e-15 2.256156261022048405e-61 1.100290968898036147e-62 1.967653144019350338e-43 5.283130834267938535e-69 1.251654324248716807e-54 1.069265304485602909e-14 1.223149323031730013e-22 1.389352370875784090e-39 4.231331855748036536e-54 3.427570050679800277e-33 1.567472019170448011e-43 9.780829068153174587e-62 8.811348351871051143e-01 4.280486322044210771e-27 2.509549963882736991e-40 5.105376070931559596e-02 9.985707065901598906e-86
3.333158615729766165e-58 3.827287736094371592e-27 1.105189134561219838e-01 4.383166849202756863e-28 1.792428472327052509e-41 5.966299358815246504e-08 1.195868028510757761e-52 5.321411828690607690e-69 5.302326741060423429e-25 1.292303590444963217e-18 1.571742925643678687e-33 7.447990633923197157e-01 2.602464242372697079e-02 8.901821786659935065e-27 9.705634433697424373e-63 1.260967507547249884e-105 2.668416444115443461e-42 4.571261632157250658e-26 3.010051045197975964e-02 2.488010774015629089e-133 5.066868090453503259e-160 3.863014850900977314e-15 2.873940457606457888e-21 2.232004358519989019e-56 2.326082109779944294e-42 1.152930319798935377e-37 1.095616897004185404e-54 6.454046134120176859e-02 2.401634927165240130e-02 2.000452892274048757e-71
9.847317831651949719e-55 3.849697872225206416e-55 4.565851510898269367e-44 1.968291870318587383e-16 5.236453332102387346e-63 4.787175991271128808e-35 1.250963923592985188e-29 4.135484779304440785e-39 2.823022139688770551e-45 1.885121172682501650e-02 3.953551428252438855e-36 1.835789494752160245e-02 8.889119193024789256e-01 1.633230498590019855e-25 1.459357858063997045e-16 1.394835061566614819e-94 2.600279298314339817e-52 2.096735520583633803e-24 4.580510243828285871e-28 1.544626385844979126e-31 1.106555563657739818e-23 4.573029975690972885e-25 3.064862351421456986e-69 2.586888669871504848e-27 6.799928726973085703e-41 1.484201494767084691e-02 4.145236788071867034e-13 1.651189155632375172e-02 4.252506751876494046e-02 1.098790920420237323e-125
1.046757215710040733e-51 2.558964359130762763e-48 7.377552187975309323e-31 1.778591858829058437e-75 1.306864205890028588e-54 1.181802203609664789e-57 6.391219390160051252e-07 7.061113015749287490e-49 3.379512139172229407e-28 4.510358444439105432e-39 1.075478178723848864e-45 7.039792031304967670e-28 3.877550055763809051e-45 4.481601088301753386e-73 1.416289048236946914e-25 2.542171060444456331e-54 9.004922667735932501e-55 6.780443344670277342e-47 9.061193685420716971e-41 4.051737786976159494e-01 1.076580270090821733e-52 8.160123569101793485e-35 1.389543431014323868e-31 3.509303379566988088e-13 7.243869443300999044e-18 1.996394787564371184e-21 5.948255821800940701e-01 1.585259048325326083e-83 8.834821206335231106e-62 4.008844946359775434e-56
4.361295738807002831e-02 6.854597064789265728e-61 1.718132646830434550e-38 6.024663081800716719e-71 1.765364814252389464e-66 3.061965383785647468e-35 2.981816848049319013e-01 2.548991212767860976e-73 4.169878835974159723e-33 1.728878210101158859e-36 2.591819390986635744e-86 7.295591128179674541e-41 1.071241648329615263e-54 6.271072734009384713e-30 2.171983956438221924e-02 9.942551260775820276e-24 3.027118357479541322e-43 2.209032225518385484e-48 9.397649874956134942e-45 1.596878572481972292e-01 2.744181078902283226e-34 2.440795374164457262e-39 1.798330017532998866e-48 1.658502627446756107e-88 3.749616511544244801e-01 4.896841359184569963e-51 7.740500790009993692e-02 3.655025774920676216e-40 3.453429265629535844e-62 2.443100193989409391e-02
1.961744677598133091e-20 3.278847288265670630e-19 8.081621409392560176e-13 1.559370715186693777e-55 5.055055735106207096e-08 6.506015393369646496e-65 1.438543608461711476e-01 1.032292047621539074e-47 3.001224492306837103e-22 1.419581189065429105e-41 2.176150483436010074e-26 2.544398033771083054e-57 8.007556087334096047e-26 4.894019964941472844e-01 1.509979702392413608e-24 4.792496798778173452e-13 1.022648448005971036e-44 3.357729351022446739e-26 1.156520955870078839e-39 8.277806004022987103e-30 2.973349277760184996e-61 1.986037270863401157e-26 3.413887867979134016e-01 1.551268440655142088e-51 2.535480530992327564e-02 3.084173230706685809e-81 6.332766934459652818e-65 1.025668935553768999e-203 4.171559870859921437e-69 6.697817216713800440e-57
4.457187316721086400e-81 5.022668387488811284e-51 3.030753016188355701e-34 4.722354488147433305e-01 2.375196041080042863e-58 2.692763471684541755e-21 3.624054032550180664e-44 4.675845347415628603e-40 1.264513773678686745e-30 1.490632050298008348e-26 1.740437143276980043e-48 2.740710703431729279e-25 1.004192758411001694e-17 3.419095970797011302e-02 3.130841577047530593e-37 1.115853680050275458e-47 8.328901798180385341e-02 8.604260858925695648e-16 8.410504181697215273e-35 3.967578286229449543e-22 4.102839822315755280e-01 5.912639062991953266e-07 1.639193863824133895e-32 4.183332958144890225e-59 3.724029562312027957e-20 9.135794456582617440e-40 2.545885319924463706e-39 5.839523571376058805e-28 4.351082272701379245e-33 3.492975289742407355e-98
3.964962097977969613e-27 1.984309917667192298e-40 1.546274945891038330e-66 4.000605788585888610e-71 7.336596525616958005e-31 1.281743264881035707e-48 2.276011025672014818e-45 2.343871711248271135e-55 2.999951493342876627e-02 1.468952574467611201e-61 1.311405126789819982e-49 1.472554867225253039e-20 7.961990228454292748e-37 6.202011427804694360e-60 1.196733168302082802e-83 7.952043894544334724e-75 1.312423941895392597e-28 4.603135299864973229e-35 3.677954176748945037e-58 5.991968216974518835e-29 4.356539209709971349e-31 8.662956927342990721e-01 1.684857142783680387e-02 3.585771309910297036e-25 8.685622090357643377e-02 3.985315366462990121e-91 5.026899084817814276e-39 3.067533688213206826e-61 3.911169672744639342e-91 8.590913500883827131e-13
3.409442358621911362e-55 3.086951578614016779e-33 3.523567109246903271e-88 1.495979899695635618e-11 2.056580905869611784e-20 1.457058724467312389e-47 5.299902051335423021e-36 1.788285740022092166e-49 1.661062334554670711e-23 1.123070204133625115e-31 4.787922150169601963e-36 6.172168555467455464e-02 5.924818993496259471e-62 3.687380820282912532e-54 2.156973581108091041e-11 8.539056756503716655e-23 1.748926243052916774e-01 6.579147435960431555e-25 1.816689538241660042e-41 1.169936702594095573e-01 1.984545399526327139e-17 4.377128813113801420e-01 2.373482400827708040e-46 2.623222408128487966e-35 4.889591637460482393e-02 5.848245032542861782e-48 1.597832221581096390e-01 1.320025791035454879e-17 5.209534769964418370e-47 3.510161666726970509e-61
3.795880469962682772e-34 2.692331357344403569e-69 1.084699628143200659e-11 8.131858004061662543e-33 3.174290018088933328e-34 3.296063275937145979e-39 3.450204052137530175e-02 5.368848999064554639e-55 1.798673427632517987e-29 2.521463744320928055e-49 8.645818329930812996e-74 1.577263319863296531e-42 1.674024938768493768e-30 6.258793368023541329e-55 1.500160666480334309e-20 9.024474891527191081e-128 4.734215699905084334e-63 1.190773484699718754e-49 3.827643169297190261e-34 7.451426855138052111e-41 3.482450397772285378e-02 2.063395352763712596e-99 4.389245903283514206e-38 2.755328338747221360e-08 4.980071333934885905e-74 5.902064842202633388e-01 1.002331833047664579e-108 5.569555540111046748e-176 3.404669437165080970e-01 2.642447172995448502e-148
3.156766348725069515e-35 3.642246325407199155e-08 7.117033614962829992e-08 8.784368376623494244e-34 4.017234201247003611e-21 4.028599502079050351e-43 4.599501809652651065e-21 1.899923502481420837e-50 9.714566837569206147e-32 4.006496442908277971e-41 6.817383617081429950e-30 1.574135325740109297e-40 5.728881653077155153e-31 3.158272973579981337e-13 1.391096193965571106e-36 1.967877512905513993e-01 4.390248144943775647e-27 8.031555035026762823e-01 1.578697282962125103e-50 2.904554731419292336e-44 9.510351208532000455e-34 5.663761356755803487e-05 4.443911532682095144e-21 1.981503214363674691e-53 8.948668970681471564e-14 5.609225365576751823e-59 2.480292351760873911e-55 2.017807626334698315e-61 5.040754786155546761e-47 3.833912557685903504e-50
4.789011702546483054e-32 1.273739020700966460e-37 2.953658497111387906e-22 8.559067666569032824e-52 1.034414771048441724e-29 2.690373544302551477e-46 2.634813271374034441e-02 6.099182957056360865e-43 1.119839945377794097e-38 3.885584231328226044e-49 3.325114919407718987e-42 7.760780226606171061e-21 2.074687613107968920e-23 1.044217591901534198e-25 8.560084751195619644e-44 1.847961281934262789e-02 1.029329527884324628e-02 4.524602953246460431e-26 6.223355879314369849e-26 5.804753217505038282e-02 5.580398663249304884e-60 1.175621220141223254e-49 1.169435426348646268e-09 6.484794937921067990e-47 1.397576936260113145e-01 1.690789404000813003e-47 7.470737322175765582e-01 1.759035478641685402e-44 2.422029494592744252e-33 4.963483063767412541e-40
8.251983416249596318e-71 6.561739831346192715e-64 5.898259390748020650e-38 1.759426610414286940e-29 4.453326597589713962e-37 1.963698073021510697e-40 2.237455298755582786e-45 4.747594440407686411e-01 1.031697571435220870e-51 1.443754395790326658e-24 3.542426273659213252e-113 4.224422876672091174e-28 1.335384747805857530e-01 3.160853831263823662e-27 1.447508117774368972e-81 5.035290540278718633e-37 1.335812559471372088e-44 2.014316292894474967e-60 4.417303256856566259e-31 3.174854899102559927e-134 9.764971316919180231e-22 1.742852432847317949e-122 2.211611556312309019e-47 1.135578079226759711e-40 8.825695061982692088e-139 6.236376591773991343e-17 1.649562246184739287e-139 2.994671785575145524e-53 3.917020811786454670e-01 1.910730109539798125e-216
1.744820630960234086e-96 2.149841707031158987e-47 9.430305511275546064e-43 8.255821057046429183e-13 3.986973374635046861e-46 5.901935744006618634e-02 2.840991271551666722e-43 5.202890129818271980e-45 7.838781396976965205e-18 3.194804051909949185e-55 2.728406646857089770e-52 3.292918351462814641e-01 1.106244018974019130e-40 2.994111421366167123e-69 5.822285150481487659e-24 5.276275549571287499e-02 5.185889755634545684e-02 5.533507089985339328e-02 9.387165752131622985e-90 1.249935066573197710e-63 3.847807661699970587e-35 7.222721501857948083e-03 1.008081336225326407e-32 4.321570088318583445e-88 4.263149616300371259e-02 2.128776984983755671e-01 1.390511026032558134e-25 1.505276863143084065e-01 3.847248098336950722e-02 1.173346539959459750e-83
7.958796766410303911e-39 1.025945730475473264e-48 2.147570319825688228e-39 1.012801728003941544e-39 3.926098485979186456e-32 8.211125951364667844e-70 4.835931107273136464e-01 2.657958315121976954e-46 1.330161809628396388e-17 4.026282566934729653e-53 4.601993825813947003e-01 3.985478010834332498e-43 2.906896414052295567e-39 8.604478659758228317e-119 7.616303815211523422e-36 1.486076744655571991e-02 1.336335359967040429e-29 6.387250836305965234e-47 2.950835231238438184e-87 3.791202527548961410e-24 7.343940164336038848e-37 7.903106226212783346e-64 6.423307720322418182e-29 1.842649372479277378e-51 4.134673924473602352e-02 1.598475890593948597e-41 3.594823259093641941e-40 2.518526499206485798e-129 8.842256731086162596e-47 3.646138170439877065e-45
6.728862871307908047e-52 5.900704740982751911e-02 4.917010255846178679e-01 2.102628815301537283e-28 4.018699225787057270e-28 4.819438752159354946e-48 1.873112329067494806e-65 4.789986258699202250e-52 6.966993069020622120e-20 2.289014854842629001e-28 1.482247325837681769e-37 2.325712034052895401e-12 6.346516306464852986e-30 4.056248490297709730e-01 1.819209605094972147e-65 6.461059715473625612e-06 1.619954940820224550e-26 1.238071106313103072e-28 1.686721389212507857e-82 3.509178644063388863e-38 2.331164236688844024e-02 5.562858410192313705e-18 1.221427787901744587e-15 2.199807037995123578e-34 2.596443611265669511e-32 6.705236308586203650e-52 2.860206201320729354e-27 2.032343479192391320e-02 2.553975492886763937e-05 9.808701537142086358e-63
9.699903880722814569e-39 3.791113279238620792e-23 1.360740552130721424e-48 3.765212689779632796e-37 9.561792632425225266e-64 1.027426532513788179e-37 2.878623649507864965e-38 5.166022354602574702e-27 1.141279633897478857e-02 2.199243681069862691e-02 2.930911759962635795e-36 1.101129758233315864e-23 4.991441220315686592e-10 5.469630163909457238e-30 1.305064179303213378e-42 1.070297165596824348e-19 1.510067544618629796e-45 3.392819460548869591e-29 1.289216061854977887e-44 2.983897971169402443e-42 1.092557004114173468e-29 1.660980041880701993e-10 3.012833685517669317e-24 9.665947633183852306e-01 9.678863930267989485e-32 3.589073542920910268e-13 1.152867882131196255e-22 2.866340390819901557e-09 2.449516360418471308e-25 5.539712417601463902e-52
3.382654495986606887e-50 9.528582153603248894e-01 1.871104925821142489e-02 1.464385351010117421e-32 1.020006971727892318e-49 2.349154066433362468e-44 4.061896482813207829e-138 8.498144947060079286e-60 2.965332710522717500e-32 5.507943548862502339e-35 1.143553347131874117e-44 2.276184188149465004e-39 2.451934105246908377e-21 1.442224429668991469e-02 2.126337115354689222e-68 6.884462168135465240e-28 1.584426272676000680e-21 4.195424466780622977e-05 2.509511314725048860e-43 2.771952054627455529e-79 1.396636018425453582e-02 1.766558514333360530e-07 4.421346326865045517e-21 3.431376216985183237e-45 2.565337089566199693e-33 1.138365534298701309e-55 5.972288223837633994e-57 2.048306224474414302e-48 3.402977797962265335e-45 7.791108700729662834e-53
1.997076425168513186e-76 7.291702948078610662e-58 7.749184969868150343e-44 2.946152452170980815e-38 3.693085042855274387e-76 2.145186043176986253e-43 1.910527939237692008e-200 4.073007213006016254e-27 1.461534515643889961e-41 2.236497009889712428e-29 4.156697793371605504e-80 7.794746592774977238e-33 2.420261498346085491e-11 1.871220516676239291e-26 1.143900078307253684e-47 6.132147244304780178e-39 7.120758696665934844e-14 2.719969543113708142e-94 9.999999999757234193e-01 4.327916145091137768e-90 2.260646479469790194e-58 1.283705427967903987e-45 1.882641079046038088e-53 2.740316917109956884e-15 1.083667610601360998e-55 4.209028975823040473e-18 2.524549621793718294e-33 2.705441123558680037e-65 7.122809046513371930e-18 3.297789714388415078e-89
2.468311275068690461e-53 9.248241596780595030e-38 3.733331798002141808e-63 3.643663251221860809e-34 1.507244892998390731e-61 5.020531376334073526e-33 8.091743154835135978e-31 3.005718615111686500e-59 5.534100804351028056e-13 6.907427814733195781e-01 1.821179182224025668e-30 1.990297944285280390e-41 1.985616199789561886e-01 4.459162894513542016e-49 4.969099150706590027e-68 2.798865266660759246e-60 1.184171768177587810e-56 8.429835068943282647e-29 5.343675845600335527e-29 1.242731668666806287e-44 4.241772300139781507e-19 4.549276025812119214e-18 6.599134647836723286e-40 2.682039063755255301e-04 1.711717731675259177e-30 1.104273946407953594e-01 4.877991466889551443e-17 5.996417503520060211e-30 5.518077934613336098e-19 1.243878751795502830e-82
1.276768026770940812e-01 2.893931896327040673e-16 3.352191770614481604e-06 1.110032603939621002e-61 8.723198451268899811e-01 6.671509686056145744e-74 6.070363698925032179e-21 6.947354972141145433e-65 2.732405123866534220e-38 7.738549515633309122e-59 3.712942810878626852e-36 8.213312604451830572e-56 2.256699418346583930e-50 4.909650566481173116e-14 1.246993973652789903e-26 4.193448994394901685e-12 1.723257676466881503e-34 1.900555447119110698e-34 2.309443276969385203e-55 1.066216808685793551e-48 1.698160059093857477e-46 2.362730079568805496e-15 1.281166194729374412e-20 6.781105349263145348e-59 2.259666350743208743e-39 9.688763785817960301e-89 3.578993029427466234e-59 5.047395707900927252e-158 6.880167908123839298e-77 1.442604918502970337e-25
