1.841286173400171008e-26 4.517474852101733568e-14 8.698706490313245943e-23 1.145655398756196970e-43 2.243214311508453396e-17 4.095586180706992097e-02 2.792826001416260879e-12 2.579474581303779870e-09 2.456707032544583342e-12 5.195217899512255804e-26 3.914648520799785028e-07 5.170074507141366639e-07 7.555173438103755789e-13 3.390952990477307115e-33 1.203804029487849120e-24 4.232436219842038455e-27 5.353862076951286311e-15 5.982577848034978596e-14 2.748412541166770848e-02 1.026907613141749867e-09 2.650824990786145637e-25 4.423518762121945598e-27 7.303259531873304386e-06 1.887021575790099125e-22 9.315517972177598249e-01 3.728290077484707565e-38 2.191703104498529113e-10 2.343359385437575908e-20 9.482454788009285330e-44 1.430762397871918642e-20
9.765982973633069900e-17 2.044108800751021014e-20 5.494890699343219949e-21 4.510528296566131129e-19 1.121768676818562352e-15 3.295020559644894264e-29 5.580397368873042449e-18 1.168207258597259139e-36 1.336185682091480790e-09 1.055043259737377688e-13 1.823366697254545065e-11 9.138595008200539533e-22 1.730694223664880582e-28 2.935082149357270671e-20 4.384370910142489065e-32 4.872399618306547347e-25 3.933842121959707855e-07 6.286805459695840409e-28 1.501275471939423137e-02 5.333153529845323392e-28 1.575141199233094369e-01 8.658313865700818040e-14 6.921615363378758046e-02 1.170911224382628021e-45 5.843897346679444715e-41 5.135453740761022345e-01 1.352792502459620747e-11 5.363773443119155105e-21 1.003555152868683548e-01 1.443556876081853735e-01
5.294649681468544817e-41 2.155019147394029921e-28 1.571734063699746498e-02 4.491575543686199586e-46 1.257685464887616031e-39 4.992205569783351992e-25 5.928366254242274461e-23 1.779330567357680580e-35 3.977008937199511415e-42 2.829504777267264162e-43 1.134217215443265557e-42 1.312574493348222186e-44 5.039905425475875802e-39 5.449155309199389290e-33 1.519301943228329790e-33 1.127641455266103181e-20 3.589588450706764303e-20 4.293326084407059767e-14 1.313254895851743213e-52 3.707013107285616081e-44 4.209023507428871719e-31 2.025503692715182010e-37 4.738194533332510566e-35 9.802474102854245031e-01 1.750369652846897240e-36 6.253112661489580345e-31 3.015855683387301728e-19 9.986123831651903072e-30 1.447882118689596137e-41 4.035249077535129660e-03
1.335104437482588155e-02 1.504008901134961260e-19 1.791601641621357059e-70 3.886717981898014105e-04 1.721741115928088762e-19 1.902420159377877438e-12 2.522243797684389083e-10 5.002883096603037340e-60 1.416374595568545003e-11 4.213549353621705296e-02 7.162000257675112114e-02 7.479208221018504948e-18 1.832851566520113533e-24 1.825801809709939851e-35 6.823543641641246909e-28 2.586313494370838634e-29 7.197741836744598644e-03 4.990369302839859615e-29 4.619667837510323116e-02 4.124568238278742416e-01 2.090022351258258872e-09 3.145190398959481641e-14 3.479256711062079233e-01 9.291635581111894011e-23 4.115487486486497489e-13 3.644967606905173607e-22 2.433359635996281237e-08 1.712706018208551366e-07 3.265083846314602786e-46 5.872767460513184101e-02
2.632387531956670983e-12 5.394487635421789470e-18 5.810899976532959408e-23 7.631243606906066000e-22 2.248171617482471540e-14 7.425749453440974590e-03 7.465911501239833048e-02 1.133846532600348901e-13 6.793683722679299318e-22 1.551007840892118672e-32 6.565787904905263928e-02 5.499421666729502666e-11 1.729663479653085756e-01 8.608294191147651743e-32 6.563743044922368819e-01 1.612585461180962921e-18 1.357064224775900657e-24 5.579700163149136407e-33 2.291660396895446247e-02 1.074676810055539316e-22 6.150877556435889272e-17 2.482648473435932575e-38 2.804217936301847696e-30 2.788830719624760563e-35 1.235109614708223820e-21 4.608274900086974642e-13 1.733944355154578681e-13 8.517170999965526824e-22 1.219811381923987796e-29 2.115820995539734435e-13
2.775847642292594286e-01 2.313659357110354210e-28 2.826143879257864514e-25 7.040430725397097318e-12 1.489025992853393395e-13 1.696378988450214517e-25 3.168130485223936687e-17 3.943466365201201919e-29 7.567545112225377962e-15 9.001600419765612426e-02 1.667464424500139375e-01 9.640518857676411055e-22 2.493030108706724755e-31 3.008047381679744951e-22 2.844301185594209021e-30 4.078928981627690137e-22 2.035002212047367920e-01 1.050557110495600596e-37 9.968777818336392176e-11 1.354519359186519281e-20 3.524097139144466296e-06 1.491300810696005062e-19 3.906377482149005564e-09 1.648691895700665828e-39 7.131754558740140078e-43 2.420961172829367292e-01 2.992715074825326182e-14 7.559993345667694695e-26 7.008581897495688143e-22 2.005292252496559610e-02
1.580622770942448005e-02 1.052309508930373218e-18 1.075462941383497281e-26 7.595908098555105713e-20 1.551657884539060886e-06 3.196658290742337221e-12 7.338178918633493470e-13 5.182042094120363893e-19 6.609365436147965345e-02 1.806697050571552765e-29 8.645889149281668976e-03 1.808830250005107779e-18 4.078978685964598783e-01 6.864896726965216703e-19 1.003756559082733674e-01 1.271471974606936395e-01 1.134625272561337932e-19 1.504139278527449726e-32 3.079879250788527416e-16 1.589161000176872493e-27 1.970511239123632534e-09 1.123380596647137829e-21 8.766154263721731167e-09 1.125104807171269806e-34 1.282044973814572204e-10 2.793157372163308669e-18 2.065880005596291147e-01 1.057710696736504871e-18 6.889574508873884123e-15 6.744394372806607196e-02
5.036740379701644433e-21 1.073496574169432474e-35 5.337660556817866539e-26 1.673647202012199672e-36 1.745199811992344549e-33 8.054412424286976769e-13 4.633684915623523615e-38 2.096241938987863703e-33 1.206148716099177989e-38 6.644987342192923932e-32 6.879414854037652988e-30 1.800727481089764323e-42 1.857297912763809994e-32 9.881743774149567283e-01 1.496815976503425671e-23 5.640827942783331949e-14 4.411858109040443700e-24 3.533750346781100568e-24 5.553056489692332886e-44 1.682854729403622851e-44 6.042730886136909880e-30 1.590272983464360138e-26 1.391831331747274017e-30 7.423022051947543466e-19 2.805850148269588067e-31 7.564593955557383382e-23 3.125877636762430846e-35 1.346841359737965907e-32 1.182562258418142637e-02 1.837195630246585153e-22
1.999936763604730392e-32 4.521482539945408511e-13 3.430495742732914429e-25 1.097528354833448719e-34 4.473622245995260309e-22 5.339775670792294010e-02 2.840556017421120630e-29 2.326580049152842528e-02 3.027051723591760638e-37 8.192992599598288521e-15 7.589821196592553276e-01 3.299020459697136337e-02 5.695323091412832258e-13 4.206354447379907422e-23 7.018050181630523906e-15 3.678971452007876552e-24 2.078671883709443647e-29 1.033549102868309139e-30 1.226243083394966543e-01 1.343666805504856977e-23 4.231990802757143222e-45 8.628753144579911287e-46 2.211550048339834932e-35 7.471266841109050362e-34 8.739810194332406704e-03 8.366286345505001188e-41 9.455934713977430980e-12 1.886075807787292285e-23 2.149201835185374767e-29 1.558868060930055506e-37
7.343953711677078362e-26 1.218169611023650915e-26 6.702817397381946390e-33 1.792895894323281566e-33 4.871567086208725265e-18 2.189016764844413879e-06 3.284428899685919861e-02 6.184510633671738025e-38 9.701923022349939310e-11 2.781457877990548883e-25 2.914764491569256464e-03 8.553555757658611205e-15 2.911501731679133508e-31 1.010960003147605530e-33 1.309332005210492160e-19 2.794785789382805615e-32 2.848054104894997661e-17 9.705350239409648113e-21 2.654125247930999576e-02 2.723807749947908152e-16 2.612879384155368248e-27 1.857916187923343407e-37 5.297732297656107340e-06 2.082066361495316132e-20 3.023465747101483423e-17 2.072234873653607374e-42 5.338750826787249258e-17 9.375635350560070913e-01 1.759043608864368340e-24 1.286721301638837445e-04
7.759949576152512461e-26 4.011503600012848619e-17 4.087549536644322919e-05 4.124008438177769605e-54 9.911134875673796476e-51 2.011712375886733370e-15 2.833371741935639086e-46 2.084257219205549183e-01 5.512672727445297246e-50 1.919742972291033509e-65 9.294816449739811181e-38 1.463284771527556138e-16 2.244898640879145651e-32 5.698697501898211286e-27 9.383437675625987539e-18 4.745346474751825638e-02 2.250482078705318472e-34 7.440799372603703610e-01 5.539986849665521086e-10 2.873249978835755996e-38 3.306051663253424176e-56 2.239273896369844758e-38 2.753140411939618429e-38 4.214358673322244270e-17 1.210629737418742973e-17 4.486842031761082750e-51 2.218923083166880202e-11 5.055389812080896992e-25 2.418796960396056054e-41 2.203105477956343145e-36
6.433629146498059941e-31 2.561786284132981948e-22 1.341379315075896250e-01 1.807449600612112308e-27 2.389232721011870269e-22 1.736726661512663003e-15 7.157675633019515271e-30 1.127331187780440842e-02 1.423469161780861824e-25 1.385339452358747691e-13 1.408680200635444113e-31 1.595542655304488458e-11 2.656469559299086279e-24 4.342239197619759621e-27 6.040282914678943987e-02 5.410774706832580661e-01 2.334363471950161737e-18 1.329293855165157301e-01 1.328071032066120343e-36 9.962287929946371987e-27 6.321953273367772809e-34 3.852047542562901912e-49 6.404745628315627740e-25 2.843712887186626223e-02 1.490690589493264543e-20 2.336513091827545079e-14 2.819238320631250193e-13 1.240158933811649711e-24 9.174194237905837490e-02 7.171742886579414969e-13
8.932731096553882088e-39 3.524961507868758226e-02 3.034593737313141684e-20 1.332839219770411669e-24 4.575697108712161935e-29 1.863590018312910601e-01 1.373460744546299710e-27 2.462566747442371251e-02 1.347358997894187926e-10 3.538063083729723083e-34 9.624234906180365437e-22 7.547437661459740420e-15 6.524556235359615155e-25 2.695279649966786188e-20 3.790350613435031768e-01 3.302219014614595680e-08 2.273453764540478666e-21 6.392982017861802945e-13 2.151517577348993277e-37 2.722992870421357806e-32 5.351104351975629809e-17 1.268005587660888875e-29 6.497636155514384240e-18 3.747306208372190861e-01 2.771161100628370970e-10 5.219938129695415052e-17 1.946993418493666148e-22 8.505803512771245697e-21 2.720883465961483273e-17 1.862218418330038991e-13
1.072319961748420090e-10 1.667016404515417688e-38 1.318021783282632975e-02 1.341445494301593705e-32 8.882855595169301954e-02 1.154937106895112776e-39 3.172590615913123022e-31 5.479586149162363783e-61 6.670234140121111821e-01 2.283696259120996960e-29 2.377591622819340625e-02 5.074543987041951541e-47 1.634748420897591776e-27 1.432264343291509215e-02 2.275046688958779658e-06 6.278907101382263447e-45 8.560635829593841089e-21 1.413240232438440358e-65 2.020304717590769993e-44 3.008892938475502765e-15 1.829841759947488031e-02 1.131511318557348018e-10 2.290342565257055471e-03 7.017010401777055483e-43 9.360028141475008632e-49 3.601109254646351126e-08 4.815035876783600038e-02 1.617926026748320263e-40 1.240167067287442776e-01 1.111156027812172431e-04
5.383883055310458829e-19 1.431833961845015757e-21 1.382749860116607166e-01 3.437184092805258282e-17 5.298063483865552106e-20 3.408306280014757336e-12 3.196865879311130058e-18 1.123389393110526835e-27 4.862280701455952340e-10 2.883197678897335631e-22 1.554760371916087958e-01 3.058656100417220451e-10 2.720822507598945328e-17 2.212682272466206312e-16 1.153524226732281699e-19 6.750392208092115814e-13 6.796110469833281700e-21 8.499546226433466755e-36 3.170687895748092178e-02 1.885125182031722948e-04 2.757740546529689716e-06 7.748918206676298770e-02 3.976657533742491988e-09 4.442602929040072810e-26 5.913011744618242309e-19 9.595057594652459110e-02 2.801431343809920524e-02 9.132453171862657327e-16 4.433743290021208150e-01 2.952242235415647800e-02
2.179487212182497011e-02 1.658416737065034943e-43 1.473182361122028353e-42 1.365807418689845947e-02 9.980631106781759579e-27 1.034957042582942721e-32 4.032229780186145473e-24 4.584163105173599534e-41 3.172750873197947019e-09 1.581658996005888551e-02 5.070071997508146699e-27 8.398874259210621092e-44 2.897131483824228048e-39 7.836987889064791016e-40 2.220898916102635533e-47 6.180162146282057371e-33 4.806884180587125965e-01 6.508960926998369396e-49 5.594535824351972688e-19 7.669001721792556125e-32 1.056732020908016378e-01 1.446828021704814433e-21 3.466970190353395043e-01 1.499736951086177293e-34 3.521371275575049369e-32 1.939590377366561864e-18 7.433911543055413907e-25 2.625593110566098078e-38 7.398379961052787491e-42 1.567182137361300062e-02
6.932125921937119384e-16 3.318590741479304424e-13 3.041258502665009294e-44 1.112995106738441848e-35 1.088423005090081580e-01 3.578365729697379555e-12 2.562994062856262523e-01 5.824777531488917301e-14 3.152360263546458230e-14 8.839651733385003897e-23 8.309578065467289332e-02 9.601850823815488882e-17 7.734205868563650650e-28 6.945594515260109073e-39 2.018896972398577741e-13 8.413078326167853260e-38 9.177350544401462196e-03 4.414224500670431964e-18 8.348045910289475513e-02 7.658659159683478923e-17 1.875101918320567324e-24 1.644704539864434374e-22 9.359779475723409292e-02 3.654100730017066115e-31 3.655069081409358378e-01 3.530136969624725744e-30 1.023596030293825793e-12 2.367220642650566548e-16 1.646033466807324493e-35 2.101394043147055443e-18
1.125937964659639188e-05 3.280889149594958935e-42 2.761188390475056986e-02 6.178613568825491443e-13 3.580344103352107844e-12 1.662860676593341293e-26 1.643326753711791292e-20 6.314588037110572514e-51 9.009901484854434729e-13 7.433377521518570179e-20 4.636894861078539871e-04 4.263436711945427295e-37 1.624823154804974482e-24 4.683329459240193581e-12 6.006795075419912218e-23 2.716353928346644520e-02 7.132056709340318934e-02 3.813468541267897248e-38 4.374170828837968886e-03 1.600808016237065551e-17 2.480688649988310179e-01 1.405391408046818003e-01 4.826217426474281938e-03 7.345518507964270580e-34 1.362512105027753232e-28 4.307702328113653389e-01 4.949186940355927190e-03 1.230463713259146526e-24 5.327397670220209401e-03 3.457384936207633097e-02
2.062477547174773886e-16 2.348536196267620297e-22 9.889677662662639257e-01 1.779560729665618220e-42 1.231267853503927332e-40 4.918653121927495096e-22 1.210796548509279158e-38 1.745977678445794726e-04 5.078532235370261076e-33 2.425950324553861111e-38 9.051240547137699067e-26 6.203338980100624174e-20 1.448657835648654835e-30 5.215543298637229613e-24 1.940067763947058354e-03 8.917430025583953854e-03 3.402460774292990201e-29 1.381763602532562751e-07 2.338855850578563378e-32 7.326651836957540831e-42 5.431995167465089707e-32 2.451698087406370610e-21 1.971937921297769653e-37 9.094760432400661390e-21 5.347222748489315701e-20 7.774800945744106437e-35 2.267604170011044263e-20 3.025352635953089243e-33 1.331721947903644340e-32 2.473950765996031200e-29
1.628589935763335965e-13 3.815435688097326848e-10 6.922356850478654888e-07 7.619626037868218743e-26 6.719559901880502173e-02 1.784993825311062265e-01 1.858854116538758517e-13 1.007729438883762409e-02 3.360675737990001835e-18 7.761309141963346195e-39 9.997099314249538987e-13 4.215883212432712801e-01 5.038186870154245057e-09 3.273915761199133519e-33 2.807328130933683796e-20 2.920679423205115866e-01 1.502568855098442433e-14 1.463495968598294100e-17 6.606780452601552393e-15 6.351715122789781276e-37 6.746646523798492667e-03 2.697382237842052555e-12 6.468176627561843870e-13 1.304017204600966748e-02 3.786216840615418852e-12 1.078393980563592015e-02 2.702445126198371323e-13 2.963677681214525875e-10 9.356946469911355722e-22 4.161470318155067820e-09
3.196014518920250242e-28 4.007742209141386680e-01 2.572590144918366962e-27 7.631733693769120316e-45 4.840447387329227069e-28 1.749131411672935066e-01 4.937545800171113062e-23 5.309371967003761322e-02 2.850036846835972228e-15 1.687086519013504686e-20 1.862092350056849532e-01 1.334280518747264083e-02 2.268082855559533196e-12 7.050622551086893675e-35 4.667267750950047177e-14 3.127856350660779252e-28 6.470687356597226816e-26 4.720756384477269049e-19 1.716668778770843173e-01 3.956918389144803370e-20 1.376653719835222507e-28 4.283877876416876147e-39 1.724970547654522766e-10 1.752306385080732541e-22 3.485571189789064647e-15 7.784873055814435833e-25 3.470148543150106525e-12 1.127315126915719399e-25 8.045797810768654958e-30 1.205622296539811527e-24
7.904396420165366645e-43 1.249908612902035455e-13 7.860520889092455935e-14 1.396909461171773735e-48 1.381921468950877860e-14 3.562362039803826893e-14 1.624740669191117631e-34 4.297918846012966365e-01 3.644561811021621288e-15 3.230894600451469377e-44 4.241751987018492785e-11 5.758425667533780814e-04 4.985447866121356930e-01 1.235864124799647055e-21 3.457606661301198397e-02 2.361778300003967897e-30 5.206049256555089882e-48 3.649408237213141526e-04 4.851900554451175673e-06 1.307115721558513118e-31 5.248318884549181235e-38 2.256164021250302162e-18 9.960798189291409471e-33 1.544779346790568775e-02 3.087508070129649430e-28 2.927378041527034220e-29 2.069383337194573985e-02 2.524636070156031715e-31 1.003655209555499656e-15 3.115526857988039925e-47
1.985479607252672414e-13 6.222758932177760223e-13 6.459578887262927161e-35 4.903434340495391226e-32 1.804320039093134816e-16 2.771087471908297406e-11 3.649151247913708213e-11 8.869536568493185599e-03 3.672861408509737454e-17 3.428213328024057042e-25 7.775696302526599046e-01 4.062251424569227237e-08 6.882457022975063611e-22 8.796292451211354726e-45 4.351912074037751993e-22 5.261734432920840442e-24 2.385890149152584686e-17 6.136659694178893759e-31 1.285321549791872409e-01 1.238163603762588195e-23 3.548902078569747956e-12 7.300787372715324745e-30 7.500422920711313189e-17 1.623389082365857272e-40 6.858432488542923200e-02 2.716572242113809524e-26 1.644431262177538725e-02 1.368479922954855710e-12 1.334557829818211024e-30 6.817005064340622908e-25
1.355293494320284069e-04 1.521374468890360634e-43 1.507733945276591021e-23 4.386728562520751858e-08 2.648675267425276069e-23 9.770926673475306854e-56 7.844241111469195655e-31 6.535778079459565990e-63 3.583532093889389442e-08 9.861259875314705741e-33 8.033269106856288087e-22 5.571249413332055954e-47 1.409790099185033518e-37 2.607021685168035050e-36 1.106832615080111509e-42 9.401667733881089977e-53 7.716413405002235659e-02 2.762970931140987659e-44 1.347567565093241146e-45 1.790963238772180527e-44 4.415746310172541933e-01 3.601616251021527160e-01 5.609244874295995359e-02 3.554210422842071971e-40 6.054458631805699281e-48 4.360079824573437346e-02 7.941015355640842181e-28 3.342783832306424040e-41 4.100533175998786561e-37 2.127075378983785819e-02
2.132098029441377995e-01 6.468874184363912846e-22 6.136494094506453711e-20 7.793789757480965367e-09 3.588799807514399254e-02 2.963280648004272416e-18 1.315476959892624893e-14 3.009612226126564466e-25 1.041490545725797031e-08 6.553885404000823601e-18 7.211291421865794157e-12 4.439793281372300936e-28 1.051507784254624277e-30 7.743022394775062888e-39 7.194931458553429143e-39 1.203269459508209468e-17 9.211938384488749243e-02 2.248887458741836997e-29 8.696010998918886286e-17 5.022793865118697089e-20 2.181712759804003698e-01 1.078714411739264099e-02 9.779651472721513639e-02 2.351191801853106869e-51 9.499827283427001341e-33 6.349721125776526087e-05 2.368538350869082293e-02 5.283617171635399542e-25 7.449831291709680671e-18 3.082789813749541863e-01
4.793276301637337770e-41 6.845197106679077326e-01 2.527511086331691317e-13 9.352939629107266446e-49 7.541858712025154034e-22 1.520119926631476881e-01 2.306509999394539960e-22 1.593064468835962422e-01 2.757833651306053202e-06 4.255914745664708465e-41 1.043825891803805171e-07 2.100868463100765714e-06 4.586807245958685877e-16 2.714671971146134149e-25 2.854087919279412149e-17 6.211548006934376443e-25 3.666658858972860041e-22 2.765758805509194054e-16 1.664029242661640236e-12 3.853626801404005237e-35 4.156433899181456032e-03 4.125153080418875239e-33 4.527966340795572491e-07 1.386501165038527947e-26 9.700394851099927148e-20 2.192080025447943036e-40 2.911565242338424527e-12 7.221929952996502913e-25 3.520574245144619218e-27 8.475692313741068353e-35
3.728263906269541997e-46 5.709058607001537069e-20 1.827271285399406087e-01 1.201713048569876756e-35 3.156203237374544753e-30 5.235856853705641014e-11 9.732326968501024378e-17 2.882766246907558783e-01 3.406411354212363003e-27 5.075348373931015181e-45 5.598837257181671110e-31 1.480253618980846697e-18 1.412029974742965398e-02 1.568141818101943351e-28 5.469855351700132068e-02 4.429230990858936678e-01 2.845598116337470300e-18 1.165497643077484206e-02 5.599311517518770938e-03 5.716287009463538666e-09 8.355734484867069845e-25 3.282542612319164081e-32 9.347293016255926503e-23 7.019063686785718057e-10 2.322971192089698279e-18 4.199565579670100866e-29 1.330880377845717336e-13 5.720141592422069505e-26 6.930266809980851108e-36 1.106842694450606163e-32
1.267756010025806179e-01 1.199517910477325795e-35 1.998470469610498597e-12 2.747380783441332279e-15 4.675489355738321638e-11 3.787383148710654942e-37 7.954682891358706943e-17 1.650204393678998436e-68 1.460368433898975582e-01 1.189669190368795031e-19 4.388318308705659032e-02 9.646858575013979886e-21 2.039390198224553540e-20 1.741635356438413103e-41 2.632084029631489237e-26 2.383297734136757551e-01 1.946832895687971438e-02 1.883619999085621719e-32 1.479545350583060003e-07 9.754113046937899770e-29 1.565089356973326240e-01 6.432325486850935843e-10 3.401136326780786859e-08 3.919082181195626791e-37 1.145896817498643121e-24 1.039483583685084354e-11 1.815093679014195549e-01 2.086675477264914434e-24 1.752785979654102044e-02 6.995992408633473769e-02
1.223137237456309979e-42 4.840240830912119749e-23 6.150854027657820522e-02 2.508451352103736390e-31 3.065365546872874827e-20 7.831058089724813879e-22 1.136799195052593317e-02 1.203547513173889275e-34 6.799978470244656157e-22 5.460926391096801055e-29 7.701290144877780699e-30 9.975810425815725504e-22 9.293156735453752714e-16 4.450464132839495462e-02 8.609175653929782568e-01 2.634985917969280089e-11 2.120291757235724070e-40 1.889119449787064508e-35 3.830599951957331701e-13 7.115917428631598965e-32 6.183484209726409170e-26 7.627201168155954793e-26 4.302553993946127194e-18 1.193620264476549870e-19 3.603624126829799549e-26 4.691987677301775358e-35 1.859989452663155017e-25 1.846866064720372269e-23 2.170126102478872263e-02 9.026727583132737374e-60
4.117712604514186257e-15 1.540666045785531873e-13 3.527917957673671256e-32 1.282571165767841096e-29 3.221929973869970820e-01 9.191185220619544106e-13 6.665269040004261347e-01 1.564152184787498358e-06 6.917669271887057691e-10 3.254338828872618399e-27 1.814288878868547153e-05 4.403542144146350116e-16 4.248439004767179757e-21 6.364781379625571175e-43 5.587236838294017544e-19 8.063361463835169674e-25 3.460498203502879667e-10 1.604404056663828821e-26 9.496126976028577916e-05 1.118859459549573536e-27 4.175010300197601688e-15 4.553781389356142435e-23 1.485341112893468765e-04 9.693301087135352052e-36 4.090338778030889746e-12 9.872821225667968624e-18 1.101689514756425473e-02 5.800399862884367367e-17 1.687724803652031039e-24 5.148562069073572411e-16
