3.385598370004964591e-47 4.289971609972986766e-02 3.238755753576070703e-26 5.898113460161903718e-16 1.145452699756206579e-38 2.993862463362217130e-15 4.070201428325237291e-33 5.541387594432714003e-01 4.666388867079814670e-22 1.659196048684588774e-45 2.198636703878395898e-09 5.152552130864845870e-02 4.202856998539591974e-48 2.748532931288594593e-29 5.427838143530901708e-13 4.053828491003166758e-29 1.700084980768637291e-31 6.471518120057618639e-36 3.301239654633990050e-01 5.125559796966052461e-32 3.332206546260494486e-39 7.854977582648120761e-12 3.716159410892576373e-17 2.131203388796750614e-02 6.876803732380468829e-95 1.401572693633877467e-28 1.589945674685007701e-09 5.612348481769415962e-42 5.849329178359654319e-27 2.494501944432843921e-32
1.559960440231241419e-01 5.147584969907202582e-32 9.125864328231102093e-31 9.717458029410341869e-02 1.885989292268016094e-27 4.870677400773706464e-39 6.295667784324889172e-44 2.412251399012526607e-37 1.423654564073380161e-27 5.032679121953151016e-38 2.536373618293699228e-32 4.371473466955650214e-03 5.968606229498883402e-34 1.550477880194855648e-02 3.369202533125146415e-21 9.437971586682411861e-26 1.111024234185490750e-42 5.436625912743170594e-12 1.010023490134252198e-20 7.054679823528786642e-01 5.170039607668728469e-24 8.450404440719971854e-16 9.796478820869237637e-32 2.155766276029969795e-46 1.397839784841863690e-21 3.593720758748249824e-34 5.433049528933942036e-12 2.148514096863722231e-02 8.148180692237529248e-11 1.381214741958017189e-25
2.636111114984932485e-23 6.591858813513758778e-25 2.450971295546864201e-44 7.302915061815729346e-18 2.717709772374937388e-13 1.547176899161551433e-01 4.948136756668631845e-33 2.439620334680399973e-31 1.471425548543469197e-20 4.764099102378844354e-42 9.417200755344124624e-03 5.834889067296354441e-33 4.546854021032055632e-33 2.716403365704275208e-01 3.558085835711212887e-31 1.417242051251772772e-01 1.524516383058144382e-32 4.225004535413761086e-01 1.002735069359045982e-39 8.805544573281285736e-16 1.637744916217366939e-50 5.931014157133383748e-15 4.185487163971631074e-19 8.694251209470448929e-65 1.692248057846802319e-49 3.745739126357147099e-47 1.135772913192532512e-07 5.139499919638937876e-10 5.559311284711583690e-28 1.439792118903973960e-18
8.316687543084677482e-11 3.078087414859262056e-25 7.341792401808375742e-37 2.517887567485926504e-24 3.147238277664258812e-30 2.676250558268954042e-07 1.048884429849690882e-19 4.096624727763693174e-33 2.758054111646135972e-28 2.690836182456339041e-22 2.570889173900622882e-01 1.568655184712523330e-32 5.436550835427495648e-02 1.165844764228907322e-02 6.397185104444165172e-17 6.880774141030857694e-24 2.252561021192451725e-23 1.913206824251023258e-24 5.652955652041495701e-46 2.496538419498612702e-22 9.863453212596133722e-36 2.164577562764636032e-01 8.430364128392197293e-20 2.165745870986594030e-35 1.378452423656868027e-25 3.543608809769438669e-18 4.604291026286871369e-01 1.338314954926493644e-31 2.264044896019007239e-16 1.059980739154367112e-33
4.699101540604496841e-09 2.436510101693329044e-50 1.095240038195796421e-31 1.975841197065543986e-34 2.526564829026988254e-61 1.835927107918150797e-47 3.848493861278455404e-59 6.329491355416446369e-49 2.913494787946139730e-76 1.201555040406037875e-02 1.326450381141519308e-01 8.647249430161688233e-49 6.105023846764735729e-24 4.851111975038887147e-20 1.241190741168936227e-27 5.929715747038650369e-24 6.275843307357302949e-55 6.282282295241865552e-19 9.818306175414187079e-85 4.702107473789101528e-15 2.320844903765814852e-15 3.537033972609391533e-34 2.231234334508130019e-49 4.560053407018473226e-86 6.420355694085910780e-01 6.068775454334578389e-29 2.147656049388977531e-29 2.133038373739668536e-01 1.211604922766337770e-13 5.619475628116909236e-24
7.888092874688375541e-49 5.540254861738145038e-50 9.902868668291347324e-24 1.880066426854206024e-27 2.035801816621936178e-14 6.157596351744383523e-02 8.848184697403978600e-26 3.581263933806505694e-32 1.149759700093851971e-58 4.573469454923255834e-54 1.109219727834244177e-21 4.773925143463747524e-52 1.407587672214422531e-34 6.809106816634838876e-24 4.492871387765305598e-35 7.385244231897614933e-47 9.299510210424794822e-27 2.792781208224112556e-14 1.488837391184859991e-37 1.105363701830241712e-15 5.694355005484050769e-60 2.888552054240620430e-25 1.823038486112535939e-01 2.048938118037115300e-02 3.266589269452067147e-37 6.326115056109891883e-11 7.360220274496488514e-18 7.356308066276208146e-01 1.206037173640531219e-27 2.016467443379350933e-23
1.231248390957092905e-43 1.974311195677630323e-27 1.974309740225556715e-46 1.431306115212404256e-12 7.377974437829453053e-19 9.397003310775664492e-16 1.141566036892328305e-30 1.111523145693707471e-02 2.692259766121032219e-15 4.008503965086999291e-63 5.498819053450567781e-20 2.379670692905797547e-37 6.524867133872190404e-33 1.017933103441465732e-23 4.046903546770988520e-40 2.270609739467755612e-40 2.067153992093408531e-28 8.076439419632713661e-17 4.090211309992491378e-19 4.794873431231353185e-19 2.747080542088671281e-46 9.724469835911248785e-15 9.888847685416183309e-01 4.610328306749617743e-54 8.620229784799438673e-24 1.953347103631915690e-58 7.559901890121168906e-27 3.875113704822331275e-18 4.134984006367626289e-41 4.947880615503068324e-37
3.674132617814214741e-01 2.916105764964968379e-06 1.248852182134362709e-05 7.847415299606327888e-02 2.231880486327741978e-26 6.767635518948643340e-28 5.664363086914308092e-38 2.181031900141766913e-28 5.899093628152055867e-23 1.645445494380946944e-30 2.987175713158713703e-43 9.420444626270437617e-32 2.827388767850288582e-23 5.955755599966279266e-32 5.540971804736264383e-01 8.083889447520695504e-50 1.656278907384045356e-49 1.194666570599492215e-10 6.968040895472885192e-15 1.828756667724558039e-12 2.450092531847749530e-17 5.882534436342988960e-21 3.390260501658214332e-36 5.408359244952369419e-34 1.723609932413357430e-45 4.046124852399532019e-42 3.037420430808872816e-22 3.799567861355778606e-24 2.566545042000981040e-24 2.316899619326909181e-57
1.123535876013298379e-01 1.325581496583293364e-25 4.735898950526253305e-32 9.064474299153507434e-19 2.052986253624228333e-42 2.523069665776463234e-30 3.248955224692083759e-32 7.040909713458397554e-40 1.871710742000774983e-31 2.045164986464850118e-30 2.610998885860059299e-14 1.407603055294972814e-69 1.296982679594091489e-31 1.181386791774202850e-17 3.725754798387613643e-26 1.448537532713930227e-11 9.398228514011789076e-41 6.063387485998162024e-23 1.052709562733973481e-74 3.631987296409928123e-01 4.038417507592886090e-26 1.471943585649135095e-23 5.136618560050214546e-43 1.191837143678919797e-50 5.021671635484020350e-22 2.285907892021521754e-34 6.679363249435318013e-18 5.145077580617332826e-08 5.244476312922841110e-01 1.058420715955389974e-13
6.819844093311885690e-33 1.861104490246370813e-01 4.494720704420581776e-32 3.432917064357415924e-32 2.786894323726166189e-01 7.826424644781517440e-33 1.187379340165846120e-01 4.282997558469999014e-08 3.812677257344940784e-01 2.008262820782294465e-47 6.665381782508378811e-15 3.421158504196816236e-51 8.673404093896657112e-82 3.690687311392633178e-74 2.627970154304944174e-33 1.964495468437434374e-55 4.299942505025322518e-21 8.898400406195271342e-27 1.804199482844586185e-33 8.317075486309188650e-17 1.472324550708269321e-39 2.334620164943890279e-36 2.330764042318571415e-17 3.716552577856725523e-44 3.519441602168518757e-02 3.316435808701379841e-48 2.234919442506335476e-18 4.938559707508862422e-38 1.158758658233550449e-29 1.775518794263177740e-42
6.777116508855813277e-63 2.639756447547903645e-02 4.132107840109501967e-42 4.120576733837873227e-43 1.577060385185069790e-21 9.766497149475887718e-33 8.654435732301517546e-19 1.984908346250830735e-01 8.467506742991028829e-21 5.719146581686934475e-34 4.196332970900913309e-49 1.241158841341137798e-33 1.627482150651480154e-58 8.052879642295784194e-43 3.039080529925292184e-54 1.403907802190703357e-49 6.588075423775595818e-30 4.034335675380066944e-43 7.751116008994378692e-01 3.072454693265129594e-32 8.120768256695537909e-44 6.716214368413552564e-46 3.864034864383361574e-38 9.999472203782854084e-27 2.528002380752855242e-50 1.006917171336194617e-42 3.180162870464722975e-52 4.955975338014467708e-45 3.831666022028125500e-39 1.253038095536853226e-38
1.067557986994270481e-22 1.959971307298657382e-18 5.537892230948534844e-17 4.297116303563406609e-09 2.808231424994032344e-31 4.940609544171863205e-33 1.576248440641567465e-61 5.327177277983854719e-39 1.234612169276830572e-24 1.337432082798185912e-24 3.761238527327477796e-55 7.153412050194902736e-31 1.085453855775199092e-52 1.812467620833750734e-38 9.052298675961790199e-21 1.791251017862120102e-51 3.740315223633555182e-48 4.616185416029542368e-27 2.241986378180410676e-43 3.043188985687725861e-09 9.999999926596946365e-01 5.949657835645367213e-25 2.121526819732827496e-47 5.765634579073161225e-43 6.685052802374601226e-53 8.319279519964219067e-42 1.109172923514575660e-37 2.847129425975636729e-28 1.687570867606911956e-22 1.176616625124967038e-92
6.173244872165908227e-48 1.118500183823536708e-39 2.890124724617469322e-45 1.662822114028128187e-27 5.303136388995009701e-11 3.817770137114768980e-13 6.242667238252653378e-02 3.045841592474770491e-19 1.587003043560010660e-40 7.976166533173302461e-10 5.121055877224949260e-01 1.357565036278877311e-42 7.456089621367530282e-34 2.650490436866978688e-15 3.175018872281933674e-33 4.148786070585877204e-34 6.680857313313839918e-02 4.398000189739680664e-30 3.519566600416316291e-33 1.068921485581540938e-08 1.402564555577707779e-19 1.935185952630164123e-33 1.175463360579285766e-26 6.189514038178263937e-19 1.099950537523716766e-16 3.586591550246481241e-01 5.040181109719083067e-15 2.015485961198952019e-48 1.969141624020197364e-10 2.515940665974361679e-14
2.065959263838074197e-49 1.095449627463671847e-43 4.170623159058922274e-35 1.293493996701667665e-47 2.702014840021634952e-19 1.550259629548431448e-19 1.032462804796540484e-01 3.300825083546271484e-58 6.078922598867687533e-28 2.524010698187129890e-54 6.631227013204723932e-18 3.178262827684444808e-51 8.107132507356291744e-39 1.192448941182910932e-58 6.668879424761099900e-34 2.727033913224793443e-40 2.899239157767222186e-01 5.772816369318284753e-37 2.341895888899170815e-70 2.303091185133343747e-45 1.283992240650494859e-46 2.238309885368940707e-37 3.503364276662375396e-31 3.403472484429037942e-20 2.847372459223027094e-48 6.068298037436236081e-01 1.900118393718694476e-27 3.691005921416270269e-22 3.555771196054183703e-43 1.439988877247712840e-28
4.383064384749679338e-41 3.694100743067552650e-01 3.722016183872526161e-33 2.615535910718962964e-01 4.442928295680734119e-13 9.711140075613720890e-02 1.624590642261226000e-42 1.142339685153756404e-08 2.203456901657196987e-01 1.107583139144676481e-43 2.614634148519854803e-02 8.646708540733053199e-31 3.578683068544075629e-56 1.176853126574863538e-02 1.361324568345314255e-02 6.634251080235341819e-18 2.437534982115532063e-28 5.605580659539218239e-19 2.419829075448045494e-33 3.227485775743697431e-26 5.336587119540667380e-41 5.111384125012640741e-05 9.697071175101517745e-18 7.852657696857965274e-52 2.429177789357564039e-64 3.344877195749078148e-56 1.385669488501985353e-18 6.258372417235993364e-22 1.134477758764917528e-42 1.515270020327937577e-42
1.165740109747108250e-24 4.329132611039786401e-14 1.087807257848423563e-21 3.603470927295258357e-29 2.242260575405066181e-01 9.285576255710905393e-13 4.382409413422077088e-34 1.066411971348545372e-40 1.370200987655978246e-02 1.723146390424877941e-24 2.573336653958970825e-33 2.355765359695741193e-21 2.575596635591204609e-44 2.311431391094592183e-13 1.287661463057955553e-22 1.685378881851792983e-16 4.460295760638241333e-38 4.526282592310299030e-17 1.713861260291875434e-61 2.384542522328124601e-35 8.508090629186098746e-35 9.685198534912148868e-31 4.816884603112178456e-31 6.819893769671959944e-45 4.448922733239617233e-02 2.167006129690634381e-15 1.460174118140753971e-02 4.040151650186714839e-22 5.120824417099110821e-33 7.029809640679245408e-01
1.529254253716569386e-11 6.189303578972542954e-62 3.619573927621874634e-29 1.887965454934885379e-02 4.581465517997787703e-34 7.516699036822005814e-36 1.174342454774749377e-02 6.525451278864640131e-49 5.458581677227054419e-56 1.393996600099065702e-02 1.029014224222461171e-28 2.339654726456671153e-58 2.329961112314755784e-27 9.047629601742046123e-05 5.083685798336849313e-09 6.171028668662000369e-23 2.039232749546227113e-33 3.303960002912855706e-22 5.382862513476310451e-26 1.539771991262958097e-10 1.998713091764180497e-07 1.754623273571906865e-15 1.136740690749921123e-02 3.193555051763921047e-40 4.300383878101644158e-02 6.499860691961738131e-10 4.102403150138463767e-02 5.117954415391097189e-01 3.481555541026331024e-01 5.188604428193485555e-22
3.077343650733884962e-27 1.568273258863322561e-60 2.316673985828983333e-34 4.603399038690612495e-46 1.052272886617828035e-51 1.912562171391817117e-38 3.014406689096687567e-25 1.441936163021008183e-89 1.149923294090689158e-124 3.119169348336313416e-20 7.663474874468930720e-01 1.189088871275231427e-02 3.637134641592253306e-31 3.522529046126791600e-12 1.253663727765137987e-15 5.855850285877482664e-52 4.899824228294444526e-40 4.403775770146168373e-46 8.687963909006424612e-138 4.431575914077254515e-41 1.528922995779287999e-45 6.534900364733546413e-53 3.136095600751838624e-50 2.026914749403020768e-68 1.266693422962619503e-11 7.069195791249648086e-02 1.510696645760062073e-01 3.667621893003315438e-26 7.978013666153378237e-25 1.335660954209168321e-09
7.162403527173856692e-11 4.826898593117824131e-09 9.943217392136289856e-01 2.141000935269384454e-06 3.653071727282422678e-32 2.095118426668715149e-30 2.259729253335112712e-44 4.031382028997204547e-36 2.405049901743553324e-30 1.201299842238252420e-24 3.728381801499943684e-44 2.155409734939629403e-31 3.661100580503787474e-30 1.968661544870671730e-38 5.676114877144733915e-03 2.885279821841296455e-23 1.192354620146517253e-43 1.332869032601078749e-20 3.694279781839140478e-51 9.768198062441981450e-12 3.730949085980131329e-17 9.547093668090767968e-24 9.494175774861381804e-30 3.333718829968763207e-35 5.466569229050712185e-50 1.853925687956968477e-39 1.538344871549955717e-18 2.240576596615967552e-23 2.386474506891239563e-25 1.837209462518265336e-38
3.998790470578823884e-15 1.842317322809517433e-44 4.310815922105089528e-32 4.019704983430386496e-47 5.243653080210822269e-45 2.172376428579535503e-15 1.170386288856002377e-01 4.179149006032916953e-43 2.967788563857070477e-55 9.591080661096436462e-17 1.198547573997855997e-01 2.262758258687352287e-38 4.352929737496379348e-01 2.811744136630053841e-25 7.723532260325718423e-26 1.067848117259719981e-01 1.532638372535012453e-18 3.703868054957747181e-35 1.616588298554160243e-46 1.622147297342208784e-26 9.963860326272990520e-42 5.693342648429658429e-16 2.275091723476884671e-27 1.161503105728441607e-40 3.344731347346217420e-04 2.076170542016540776e-01 1.307730090260874993e-02 5.885747696809241675e-21 1.410260242285254293e-33 6.749659037333365335e-30
2.207006904484351365e-22 1.621683559674336195e-02 3.135914289376898899e-31 7.624838615558715050e-09 1.056580158077459391e-22 9.930831926171160900e-19 1.288323031681385400e-01 2.087675752722211939e-02 3.338080408496068019e-01 1.928263050659194955e-01 1.208431122723767348e-02 2.647292685484578955e-35 3.897905309173316895e-33 3.364545706563350646e-22 3.336742996944429016e-33 9.556749914989125715e-52 4.313173250030008841e-25 2.625744394276890311e-13 1.133695197240453499e-02 6.512446539433332579e-27 1.373252644512052437e-38 2.840184869676263268e-01 1.281763106145461427e-23 3.588094831487937531e-36 1.679365400336902314e-26 1.540695492535259418e-43 7.450761607650237010e-26 2.697871529016523338e-24 1.144160689877104078e-24 2.235279533977424987e-70
1.860238784059180405e-19 6.399522708932722317e-30 1.101397214537035917e-49 1.343675489869508071e-43 1.140286839734514958e-33 2.728660831767802558e-35 1.024632604273490484e-16 3.202224551247136381e-27 2.794681628642651116e-33 3.697580756341192089e-25 2.517148315565113093e-01 3.017561749425007807e-92 1.380472640351702506e-38 4.439070368501236504e-39 3.957160595221541296e-19 1.478660213398710285e-19 2.259142842903678950e-35 8.053817732888551797e-19 9.165005222023846970e-64 4.739155970011382626e-21 1.970988769056875894e-34 8.105764382194497274e-24 1.982996966297912190e-24 4.647964997493215474e-39 1.242775742787770215e-19 1.496107126205515881e-18 6.091481565311045454e-01 1.377023855085167114e-01 3.315188273641344996e-30 1.434626403867287313e-03
1.134296507388970804e-24 1.402672759119792298e-48 2.086828431706379068e-38 5.185032344898034571e-26 2.597937040985794951e-44 2.328537804262539174e-02 1.489507515010968230e-02 3.474370908587663459e-45 1.179687776017118008e-66 2.144338808099008025e-23 4.560254434764089704e-02 3.139828883101870413e-130 6.777113273692098518e-41 1.457520276316925883e-26 1.328249888992975133e-14 6.247046366568417612e-18 2.100060429646190322e-40 1.576841230594667248e-12 2.739023744192006013e-63 3.485665640362931722e-02 7.208392998825223763e-37 1.033216106357160729e-17 2.388530975079466642e-02 8.413492183420134631e-66 3.077192055331844436e-02 7.529767732947693989e-17 5.058888458424687373e-01 3.208142699078222471e-01 6.498762560340086004e-27 2.462399593616532043e-16
1.928918878486118895e-21 6.987520697746552045e-01 3.394896930087260999e-20 2.401072661604660707e-01 7.018004944400783704e-29 4.954031798089438635e-30 4.471706101964343556e-57 1.316434309764636965e-22 7.905660139500224482e-11 6.457603933089731628e-29 1.645147415290060698e-71 5.384225602770557895e-02 3.305670805468198964e-62 5.189386752031557793e-58 2.657355489553074820e-13 2.866611407427590866e-42 7.877893144004511654e-45 1.565778473245403338e-17 7.298398757458230031e-03 6.182282072595646228e-09 3.018110491352936552e-09 1.381586797002954951e-17 1.465475608493650218e-46 2.291644212464269160e-24 6.429151063013640517e-70 2.212525680060148007e-61 1.699696488209424732e-37 9.088359642255279357e-25 1.840531700347337444e-35 3.728444510604039223e-97
7.689518023785252350e-31 3.288931848743683287e-17 3.557099865699481440e-33 1.019554551854747241e-10 6.937874631603540010e-01 9.379588948257562651e-04 2.174316589565435899e-25 2.461430041203700416e-20 1.465441921572304069e-42 2.162510188474420325e-12 3.815417804003917843e-29 4.515832763580793922e-42 1.538152894541500057e-51 1.568498643461672670e-01 6.116973048179182865e-18 2.512178577402777812e-21 2.780753267241408027e-26 2.267143786776569098e-20 3.958323002229617434e-12 3.434853975665122516e-02 3.467198791761442031e-31 5.430774616713344797e-15 1.512464785308476415e-08 8.383476091231316436e-16 5.725924305075429031e-118 1.399838485191271791e-26 6.867360888589433151e-24 7.650146417173010035e-08 1.035181100625688589e-03 1.130409010071813797e-01
7.459344285131679013e-82 6.212576203521809757e-14 9.674606074337167924e-49 3.337988240848076266e-24 3.742521113173762348e-01 6.002263650479372975e-13 6.577680697000119613e-79 8.055535984619786119e-19 6.169189475431728908e-01 3.089042330296693659e-32 2.902481960766629954e-67 2.045953712366749959e-37 2.775520811421697206e-53 1.545049478260362304e-32 1.396771620638335961e-35 1.104776039479079323e-39 3.705207541780398843e-18 1.243789136600348517e-17 1.219416626676153072e-28 3.682814105971792410e-19 5.544575095154317072e-30 4.059902870797394569e-19 6.241718683248231885e-30 1.527653636856784768e-31 7.959239774056625089e-63 2.681370412773511160e-48 1.476141142374226285e-52 9.960883893046624048e-20 8.828941138788504867e-03 2.401086476515643121e-33
1.440685971439746656e-54 5.122230552839394102e-01 2.597789649042336127e-39 3.681113744089742957e-16 8.668747920391762558e-23 1.336337208030841269e-25 1.124805667487733860e-53 1.474956421897670708e-11 1.102015570755670443e-02 1.435914065749586146e-29 2.020143579053916342e-07 8.351239297698324349e-28 1.766189878902102308e-59 7.326589916786738512e-37 2.718720228019800058e-44 4.914486598122781505e-12 4.767565868656089001e-01 3.823567692935156888e-27 1.086369581146409866e-27 5.559622183614988996e-23 5.274070082690968620e-29 2.677948054366073960e-27 1.855109347037744572e-16 5.867771558909787810e-25 4.983003048314436343e-29 4.305334852428425386e-44 7.058973293810916833e-43 1.024089060093726409e-27 6.823335589622161092e-42 1.088725020947449357e-10
5.745585124451008148e-21 1.823338865713637988e-28 1.385101711189427367e-44 1.784994200417312155e-49 1.914172030472416569e-51 4.657022773498857698e-41 6.457170815140321460e-30 8.814871111373537569e-42 5.368082666355079136e-31 4.265136325280809568e-27 3.346262058483707169e-01 1.479146126247751613e-55 3.929941932539037511e-13 4.289317082374665447e-50 5.132350890957575105e-32 7.614248942546248755e-25 3.706578763093149060e-28 1.099197665408144062e-49 1.756165654395205863e-56 2.944266413172724634e-49 2.168106284907854438e-41 1.022215152908498066e-28 9.177657327307088760e-46 1.263458933915262055e-59 8.845593085089048494e-28 5.588863242032949818e-01 2.809917631131037403e-29 4.433681526781131374e-33 4.073155494476283475e-26 1.064874699479414211e-01
8.670175517520483363e-28 1.351977797096099197e-05 2.078866491619030606e-33 1.008376785614635215e-02 4.293781972734886376e-02 5.581499336180761699e-09 2.419562956788840480e-01 1.296435408457250910e-19 8.239016358831241504e-02 1.993108210885784672e-26 3.308894267895734559e-22 4.079164599140119860e-53 1.019366925207319853e-23 1.649552278078389201e-37 1.189678859561946364e-31 2.534087284469736523e-01 2.799828152202396558e-01 2.972296513841114014e-31 1.326833029903494880e-31 1.256798697351448435e-30 4.232750300669451446e-21 8.922688412253582113e-02 8.901617220764049991e-14 3.842032240074231104e-31 8.402487690601529749e-45 4.430778808413355290e-21 4.044206169682369850e-26 1.514430037835619208e-28 1.405693735149478433e-30 5.512111240635371129e-25
2.659335909411926814e-38 3.321038098699089925e-39 2.060551685775898369e-30 3.737332242179906224e-24 9.359716877600939226e-20 5.182320826008618864e-28 2.775588228564797472e-29 8.258122883879729251e-57 5.785225468065683204e-51 2.638773424070708063e-30 1.793049548254105986e-35 1.413221572021325602e-69 1.113440322316946900e-24 8.423480898151140817e-03 2.491171579603097807e-45 9.279860824761071312e-24 4.746182171003876843e-48 2.280331092756223903e-18 6.737839686456232460e-71 1.697321378529488385e-08 1.531288390672126454e-57 3.309939625101065263e-27 2.173616166881018463e-31 7.987935891408920688e-54 3.206520919780720318e-22 2.498535010954302759e-40 1.659434122794202088e-31 3.588642300766587594e-04 4.621453418878935062e-31 9.912176378985584346e-01
